//satisfy monomial trail: 98 Points
Points=[[0, 0, 0, 0, 0, 0, 0, 0],
[0, 0, 0, 0, 0, 0, 0, 1], 
[0, 0, 0, 1, 0, 0, 0, 1], 
[1, 1, 0, 0, 0, 0, 0, 1], 
[0, 0, 0, 0, 0, 0, 1, 0], 
[0, 0, 0, 1, 0, 0, 1, 0], 
[0, 0, 1, 0, 0, 0, 1, 0], 
[0, 0, 1, 1, 0, 0, 1, 0], 
[0, 1, 0, 1, 0, 0, 1, 0], 
[0, 1, 1, 1, 0, 0, 1, 0], 
[1, 0, 0, 1, 0, 0, 1, 0], 
[1, 1, 0, 0, 0, 0, 1, 0], 
[0, 0, 0, 0, 0, 0, 1, 1],
[0, 0, 0, 1, 0, 0, 1, 1], 
[0, 0, 1, 0, 0, 0, 1, 1], 
[0, 0, 1, 1, 0, 0, 1, 1], 
[1, 1, 0, 0, 0, 0, 1, 1], 
[1, 1, 1, 0, 0, 0, 1, 1], 
[0, 0, 0, 0, 0, 1, 0, 0],
[0, 0, 1, 0, 0, 1, 0, 0], 
[0, 0, 1, 1, 0, 1, 0, 0], 
[0, 1, 0, 0, 0, 1, 0, 0], 
[1, 1, 1, 0, 0, 1, 0, 0], 
[0, 0, 0, 0, 0, 1, 0, 1],
[0, 0, 0, 1, 0, 1, 0, 1], 
[0, 0, 1, 0, 0, 1, 0, 1], 
[0, 0, 1, 1, 0, 1, 0, 1], 
[0, 1, 0, 0, 0, 1, 0, 1], 
[0, 1, 0, 1, 0, 1, 0, 1], 
[1, 1, 1, 0, 0, 1, 0, 1], 
[0, 0, 0, 0, 0, 1, 1, 0],
[0, 0, 0, 1, 0, 1, 1, 0], 
[0, 0, 1, 0, 0, 1, 1, 0], 
[0, 0, 1, 1, 0, 1, 1, 0], 
[0, 1, 0, 0, 0, 1, 1, 0], 
[0, 1, 0, 1, 0, 1, 1, 0], 
[0, 1, 1, 0, 0, 1, 1, 0], 
[0, 1, 1, 1, 0, 1, 1, 0], 
[1, 0, 0, 1, 0, 1, 1, 0], 
[1, 1, 0, 1, 0, 1, 1, 0], 
[0, 0, 0, 0, 0, 1, 1, 1], 
[0, 0, 0, 1, 0, 1, 1, 1], 
[0, 0, 1, 0, 0, 1, 1, 1], 
[0, 0, 1, 1, 0, 1, 1, 1], 
[0, 1, 0, 0, 0, 1, 1, 1], 
[0, 1, 0, 1, 0, 1, 1, 1], 
[0, 1, 1, 0, 0, 1, 1, 1], 
[0, 1, 1, 1, 0, 1, 1, 1], 
[0, 0, 1, 0, 1, 0, 0, 0], 
[0, 1, 0, 0, 1, 0, 0, 0], 
[0, 1, 1, 0, 1, 0, 0, 0], 
[1, 0, 0, 0, 1, 0, 0, 0], 
[0, 0, 1, 0, 1, 0, 0, 1], 
[0, 0, 1, 1, 1, 0, 0, 1], 
[0, 1, 0, 0, 1, 0, 0, 1], 
[0, 1, 0, 1, 1, 0, 0, 1], 
[0, 1, 1, 0, 1, 0, 0, 1],
[0, 1, 1, 1, 1, 0, 0, 1], 
[1, 0, 0, 0, 1, 0, 0, 1], 
[1, 0, 0, 1, 1, 0, 0, 1], 
[0, 1, 0, 0, 1, 0, 1, 0], 
[0, 1, 1, 0, 1, 0, 1, 0], 
[1, 0, 0, 0, 1, 0, 1, 0], 
[1, 0, 1, 0, 1, 0, 1, 0], 
[0, 1, 0, 0, 1, 0, 1, 1], 
[0, 1, 0, 1, 1, 0, 1, 1], 
[0, 1, 1, 0, 1, 0, 1, 1], 
[0, 1, 1, 1, 1, 0, 1, 1], 
[1, 0, 0, 0, 1, 0, 1, 1], 
[1, 0, 0, 1, 1, 0, 1, 1], 
[1, 0, 1, 0, 1, 0, 1, 1], 
[1, 0, 1, 1, 1, 0, 1, 1], 
[0, 0, 1, 1, 1, 1, 0, 0], 
[0, 1, 1, 0, 1, 1, 0, 0], 
[1, 0, 0, 0, 1, 1, 0, 0], 
[1, 0, 1, 0, 1, 1, 0, 0], 
[1, 0, 1, 1, 1, 1, 0, 0], 
[1, 1, 0, 0, 1, 1, 0, 0], 
[0, 1, 1, 0, 1, 1, 0, 1], 
[0, 1, 1, 1, 1, 1, 0, 1], 
[1, 0, 0, 0, 1, 1, 0, 1], 
[1, 0, 0, 1, 1, 1, 0, 1], 
[1, 0, 1, 0, 1, 1, 0, 1], 
[1, 0, 1, 1, 1, 1, 0, 1], 
[1, 1, 0, 0, 1, 1, 0, 1], 
[1, 1, 0, 1, 1, 1, 0, 1], 
[1, 0, 0, 0, 1, 1, 1, 0], 
[1, 0, 1, 0, 1, 1, 1, 0], 
[1, 1, 0, 0, 1, 1, 1, 0], 
[1, 1, 1, 0, 1, 1, 1, 0],
[1, 0, 0, 0, 1, 1, 1, 1],
[1, 0, 0, 1, 1, 1, 1, 1], 
[1, 0, 1, 0, 1, 1, 1, 1], 
[1, 0, 1, 1, 1, 1, 1, 1], 
[1, 1, 0, 0, 1, 1, 1, 1], 
[1, 1, 0, 1, 1, 1, 1, 1], 
[1, 1, 1, 0, 1, 1, 1, 1], 
[1, 1, 1, 1, 1, 1, 1, 1]];
triangle = Polyhedron(vertices = Points) 
for v in triangle.inequality_generator():
    print(v)


//95 inequalities
{0, -1, 0, 0, 0, 0, 0, 0, 1}, 
{-1, 0, 0, 0, 0, 0, 0, 0, 1}, 
{-2, -1, -1, 0, -1, 1, 1, 0, 3}, 
{0, 0, -1, 0, 0, 0, 0, 0, 1}, 
{0, 0, 0, 0, 0, -1, 0, 0, 1}, 
{-1, 0, -1, 0, 1, -1, -1, 0, 3}, 
{-1, -1, 0, 0, -1, 1, 0, 0, 2}, 
{0, 0, 0, 0, -1, 0, 0, 0, 1}, 
{0, 0, 0, 0, 0, 0, -1, 0, 1}, 
{1, 0, 0, 0, -1, -1, -1, 0, 2}, 
{0, 0, 0, 0, 0, 0, 0, -1, 1}, 
{-1, 0, 0, 0, 1, -1, -1, -1, 3}, 
{-1, -1, -1, 0, -1, 0, 1, 0, 3}, 
{0, 0, 0, -1, -1, 0, -1, 1, 2}, 
{-2, -1, -1, -1, 0, 1, 0, 1, 3}, 
{-2, 0, -2, -1, 1, 0, -1, 1, 4}, 
{-2, -1, -1, -3, 2, 1, 1, -1, 4}, 
{-1, 0, 0, -1, 1, 0, 0, -1, 2}, 
{-3, -2, -1, -1, -1, 2, 1, 1, 4}, 
{-1, 0, -1, -1, 1, 0, 0, 0, 2}, 
{-1, -1, -1, -2, 1, 0, 1, 0, 3}, 
{-2, -1, -1, -2, 1, 1, 1, 0, 3}, 
{-3, -2, -1, -2, 0, 2, 1, 1, 4}, 
{-1, -1, 0, -2, 1, 1, 0, -1, 3}, 
{-1, -1, 0, -1, 0, 1, 0, 0, 2}, 
{0, 0, 0, -1, 0, 0, 0, 0, 1}, 
{-1, -1, 0, -1, -1, 1, 0, 1, 2}, 
{0, -1, 0, -1, -1, 0, 0, 1, 2}, 
{-3, -3, -1, -2, -1, 2, 1, 2, 5}, 
{-2, -2, -1, -1, -1, 2, 0, 1, 4}, 
{-1, -3, -1, -2, -1, 0, 1, 2, 5}, 
{-4, -3, -2, -2, -1, 3, 1, 2, 6}, 
{1, -1, -1, 0, 1, 0, 1, 0, 1}, 
{0, 0, 0, 0, 0, 0, 0, 1, 0}, 
{-1, 0, 1, 1, 1, -1, 0, 0, 1}, 
{-1, 0, 1, 0, 1, -1, 1, 0, 1}, 
{0, 0, -1, 0, 1, 1, 1, 0, 0}, 
{-1, -1, 1, -2, 1, 1, 3, 2, 0}, 
{-1, -1, 0, -2, 1, 2, 3, 2, 0}, 
{-1, 0, -1, -1, 1, 2, 2, 1, 0}, 
{-1, 0, 1, -1, 1, 0, 2, 1, 0}, 
{-1, -1, 0, -1, 0, 1, 1, 1, 1}, 
{1, 1, 0, 0, -1, 0, -1, 0, 1}, 
{1, -1, 0, 1, 1, 1, 0, 0, 0}, 
{-1, -1, -2, 1, 1, 1, -1, 2, 3}, 
{1, -1, -1, 1, 2, 1, 1, 0, 0}, 
{-1, 0, -1, 0, 1, 2, 1, 1, 0}, 
{-1, 0, -1, 0, 0, 1, 1, 0, 1}, 
{0, 0, 1, -1, -1, 0, 0, 1, 1}, 
{0, 0, 1, -1, 0, 0, 1, 1, 0}, 
{-1, 0, -1, -1, 1, 1, 1, 0, 1}, 
{2, 1, 0, 0, -2, -1, -1, -1, 3}, 
{0, 0, 0, 0, 0, 1, 0, 0, 0}, 
{-2, -1, -1, -3, 2, 1, 2, 0, 3}, 
{2, 1, 1, 0, -2, -1, 0, -1, 2}, 
{-2, -1, -1, -1, 0, 2, 1, 1, 2}, 
{0, -1, 0, -1, 0, 0, 1, 1, 1}, 
{2, 1, 0, 1, -2, -1, -1, 0, 2}, 
{1, -1, 0, 0, 1, 1, 1, 0, 0}, 
{1, -1, 0, 0, 1, 1, 0, -1, 1}, 
{0, 0, 1, 0, 0, 0, 0, 0, 0}, 
{1, 1, 1, 0, -1, 0, 0, 0, 0}, 
{0, 0, 0, 0, 0, 0, 1, 0, 0}, 
{0, -1, 0, 0, 1, 1, 1, 1, 0}, 
{-1, 1, -1, 0, 1, 0, 0, 0, 1}, 
{1, -1, -1, 0, 2, 1, 1, -1, 1}, 
{-1, 0, 0, 1, 1, -1, -1, 0, 2}, 
{1, 1, 0, 1, -1, -1, 0, 0, 1}, 
{2, 1, 1, 1, -2, -1, 0, 0, 1}, 
{0, 1, 0, 0, 0, 0, 0, 0, 0}, 
{1, 0, 0, 0, 0, 0, 0, 0, 0}, 
{0, 0, 0, -1, -1, 1, 0, 1, 1}, 
{1, 1, 0, 0, -1, -1, 0, -1, 2}, 
{1, 0, 1, 0, -1, -1, 0, 0, 1}, 
{-1, 1, -1, 0, 1, 1, 1, 0, 0}, 
{-2, 0, -2, -1, 1, 3, 2, 1, 1}, 
{0, 0, 0, 0, 1, 0, 0, 0, 0}, 
{0, 0, 0, -1, 0, 1, 1, 1, 0}, 
{1, -2, -1, 2, 3, 2, 1, 1, 0}, 
{0, -1, -1, 1, 1, 1, 0, 1, 1}, 
{-1, -1, 0, -1, 1, 2, 2, 2, 0}, 
{-1, 0, 1, 0, 1, -1, 0, -1, 2}, 
{-1, -1, 0, -2, 1, 1, 2, 1, 1}, 
{1, -1, -1, 0, 2, 1, 2, 0, 0}, 
{-1, 1, 0, 0, 1, 0, 1, 0, 0}, 
{-1, 0, 1, 0, 1, 0, 1, 1, 0}, 
{-1, 1, 0, 0, 1, 0, 0, -1, 1}, 
{-1, 0, 0, -1, 1, 0, 1, 0, 1}, 
{0, -1, 0, -1, 1, 1, 2, 1, 0}, 
{-1, -1, 1, -1, 1, 1, 2, 2, 0}, 
{-1, 0, -1, 0, 1, 0, -1, 1, 2}, 
{0, 0, 0, 1, 0, 0, 0, 0, 0}, 
{-1, 1, 0, 1, 1, 0, 0, 0, 0}, 
{-1, -1, -1, 0, 0, 1, 0, 1, 2}, 
{-1, -1, -2, 1, 1, 2, 0, 2, 2}



//dissatisfy monomial trail: 158 Points
{0, 0, 0, 1, 0, 0, 0, 0},
{0, 0, 1, 0, 0, 0, 0, 0},
{0, 0, 1, 1, 0, 0, 0, 0},
{0, 1, 0, 0, 0, 0, 0, 0},
{0, 1, 0, 1, 0, 0, 0, 0},
{0, 1, 1, 0, 0, 0, 0, 0},
{0, 1, 1, 1, 0, 0, 0, 0},
{1, 0, 0, 0, 0, 0, 0, 0},
{1, 0, 0, 1, 0, 0, 0, 0},
{1, 0, 1, 0, 0, 0, 0, 0},
{1, 0, 1, 1, 0, 0, 0, 0},
{1, 1, 0, 0, 0, 0, 0, 0},
{1, 1, 0, 1, 0, 0, 0, 0},
{1, 1, 1, 0, 0, 0, 0, 0},
{1, 1, 1, 1, 0, 0, 0, 0},
{0, 0, 1, 0, 0, 0, 0, 1},
{0, 0, 1, 1, 0, 0, 0, 1},
{0, 1, 0, 0, 0, 0, 0, 1},
{0, 1, 0, 1, 0, 0, 0, 1},
{0, 1, 1, 0, 0, 0, 0, 1},
{0, 1, 1, 1, 0, 0, 0, 1},
{1, 0, 0, 0, 0, 0, 0, 1},
{1, 0, 0, 1, 0, 0, 0, 1},
{1, 0, 1, 0, 0, 0, 0, 1},
{1, 0, 1, 1, 0, 0, 0, 1},
{1, 1, 0, 1, 0, 0, 0, 1},
{1, 1, 1, 0, 0, 0, 0, 1},
{1, 1, 1, 1, 0, 0, 0, 1},
{0, 1, 0, 0, 0, 0, 1, 0},
{0, 1, 1, 0, 0, 0, 1, 0},
{1, 0, 0, 0, 0, 0, 1, 0},
{1, 0, 1, 0, 0, 0, 1, 0},
{1, 0, 1, 1, 0, 0, 1, 0},
{1, 1, 0, 1, 0, 0, 1, 0},
{1, 1, 1, 0, 0, 0, 1, 0},
{1, 1, 1, 1, 0, 0, 1, 0},
{0, 1, 0, 0, 0, 0, 1, 1},
{0, 1, 0, 1, 0, 0, 1, 1},
{0, 1, 1, 0, 0, 0, 1, 1},
{0, 1, 1, 1, 0, 0, 1, 1},
{1, 0, 0, 0, 0, 0, 1, 1},
{1, 0, 0, 1, 0, 0, 1, 1},
{1, 0, 1, 0, 0, 0, 1, 1},
{1, 0, 1, 1, 0, 0, 1, 1},
{1, 1, 0, 1, 0, 0, 1, 1},
{1, 1, 1, 1, 0, 0, 1, 1},
{0, 0, 0, 1, 0, 1, 0, 0},
{0, 1, 0, 1, 0, 1, 0, 0},
{0, 1, 1, 0, 0, 1, 0, 0},
{0, 1, 1, 1, 0, 1, 0, 0},
{1, 0, 0, 0, 0, 1, 0, 0},
{1, 0, 0, 1, 0, 1, 0, 0},
{1, 0, 1, 0, 0, 1, 0, 0},
{1, 0, 1, 1, 0, 1, 0, 0},
{1, 1, 0, 0, 0, 1, 0, 0},
{1, 1, 0, 1, 0, 1, 0, 0},
{1, 1, 1, 1, 0, 1, 0, 0},
{0, 1, 1, 0, 0, 1, 0, 1},
{0, 1, 1, 1, 0, 1, 0, 1},
{1, 0, 0, 0, 0, 1, 0, 1},
{1, 0, 0, 1, 0, 1, 0, 1},
{1, 0, 1, 0, 0, 1, 0, 1},
{1, 0, 1, 1, 0, 1, 0, 1},
{1, 1, 0, 0, 0, 1, 0, 1},
{1, 1, 0, 1, 0, 1, 0, 1},
{1, 1, 1, 1, 0, 1, 0, 1},
{1, 0, 0, 0, 0, 1, 1, 0},
{1, 0, 1, 0, 0, 1, 1, 0},
{1, 0, 1, 1, 0, 1, 1, 0},
{1, 1, 0, 0, 0, 1, 1, 0},
{1, 1, 1, 0, 0, 1, 1, 0},
{1, 1, 1, 1, 0, 1, 1, 0},
{1, 0, 0, 0, 0, 1, 1, 1},
{1, 0, 0, 1, 0, 1, 1, 1},
{1, 0, 1, 0, 0, 1, 1, 1},
{1, 0, 1, 1, 0, 1, 1, 1},
{1, 1, 0, 0, 0, 1, 1, 1},
{1, 1, 0, 1, 0, 1, 1, 1},
{1, 1, 1, 0, 0, 1, 1, 1},
{1, 1, 1, 1, 0, 1, 1, 1},
{0, 0, 0, 0, 1, 0, 0, 0},
{0, 0, 0, 1, 1, 0, 0, 0},
{0, 0, 1, 1, 1, 0, 0, 0},
{0, 1, 0, 1, 1, 0, 0, 0},
{0, 1, 1, 1, 1, 0, 0, 0},
{1, 0, 0, 1, 1, 0, 0, 0},
{1, 0, 1, 0, 1, 0, 0, 0},
{1, 0, 1, 1, 1, 0, 0, 0},
{1, 1, 0, 0, 1, 0, 0, 0},
{1, 1, 0, 1, 1, 0, 0, 0},
{1, 1, 1, 0, 1, 0, 0, 0},
{1, 1, 1, 1, 1, 0, 0, 0},
{0, 0, 0, 0, 1, 0, 0, 1},
{0, 0, 0, 1, 1, 0, 0, 1},
{1, 0, 1, 0, 1, 0, 0, 1},
{1, 0, 1, 1, 1, 0, 0, 1},
{1, 1, 0, 0, 1, 0, 0, 1},
{1, 1, 0, 1, 1, 0, 0, 1},
{1, 1, 1, 0, 1, 0, 0, 1},
{1, 1, 1, 1, 1, 0, 0, 1},
{0, 0, 0, 0, 1, 0, 1, 0},
{0, 0, 0, 1, 1, 0, 1, 0},
{0, 0, 1, 0, 1, 0, 1, 0},
{0, 0, 1, 1, 1, 0, 1, 0},
{0, 1, 0, 1, 1, 0, 1, 0},
{0, 1, 1, 1, 1, 0, 1, 0},
{1, 0, 0, 1, 1, 0, 1, 0},
{1, 0, 1, 1, 1, 0, 1, 0},
{1, 1, 0, 0, 1, 0, 1, 0},
{1, 1, 0, 1, 1, 0, 1, 0},
{1, 1, 1, 0, 1, 0, 1, 0},
{1, 1, 1, 1, 1, 0, 1, 0},
{0, 0, 0, 0, 1, 0, 1, 1},
{0, 0, 0, 1, 1, 0, 1, 1},
{0, 0, 1, 0, 1, 0, 1, 1},
{0, 0, 1, 1, 1, 0, 1, 1},
{1, 1, 0, 0, 1, 0, 1, 1},
{1, 1, 0, 1, 1, 0, 1, 1},
{1, 1, 1, 0, 1, 0, 1, 1},
{1, 1, 1, 1, 1, 0, 1, 1},
{0, 0, 0, 0, 1, 1, 0, 0},
{0, 0, 0, 1, 1, 1, 0, 0},
{0, 0, 1, 0, 1, 1, 0, 0},
{0, 1, 0, 0, 1, 1, 0, 0},
{0, 1, 0, 1, 1, 1, 0, 0},
{0, 1, 1, 1, 1, 1, 0, 0},
{1, 0, 0, 1, 1, 1, 0, 0},
{1, 1, 0, 1, 1, 1, 0, 0},
{1, 1, 1, 0, 1, 1, 0, 0},
{1, 1, 1, 1, 1, 1, 0, 0},
{0, 0, 0, 0, 1, 1, 0, 1},
{0, 0, 0, 1, 1, 1, 0, 1},
{0, 0, 1, 0, 1, 1, 0, 1},
{0, 0, 1, 1, 1, 1, 0, 1},
{0, 1, 0, 0, 1, 1, 0, 1},
{0, 1, 0, 1, 1, 1, 0, 1},
{1, 1, 1, 0, 1, 1, 0, 1},
{1, 1, 1, 1, 1, 1, 0, 1},
{0, 0, 0, 0, 1, 1, 1, 0},
{0, 0, 0, 1, 1, 1, 1, 0},
{0, 0, 1, 0, 1, 1, 1, 0},
{0, 0, 1, 1, 1, 1, 1, 0},
{0, 1, 0, 0, 1, 1, 1, 0},
{0, 1, 0, 1, 1, 1, 1, 0},
{0, 1, 1, 0, 1, 1, 1, 0},
{0, 1, 1, 1, 1, 1, 1, 0},
{1, 0, 0, 1, 1, 1, 1, 0},
{1, 0, 1, 1, 1, 1, 1, 0},
{1, 1, 0, 1, 1, 1, 1, 0},
{1, 1, 1, 1, 1, 1, 1, 0},
{0, 0, 0, 0, 1, 1, 1, 1},
{0, 0, 0, 1, 1, 1, 1, 1},
{0, 0, 1, 0, 1, 1, 1, 1},
{0, 0, 1, 1, 1, 1, 1, 1},
{0, 1, 0, 0, 1, 1, 1, 1},
{0, 1, 0, 1, 1, 1, 1, 1},
{0, 1, 1, 0, 1, 1, 1, 1},
{0, 1, 1, 1, 1, 1, 1, 1}


//reduce to 19 inequalities
(-3, -2, -1, -2, 0, 2, 1, 1, 4),
(2, 1, 0, 0, -2, -1, -1, -1, 3),
(-1, -1, 1, -2, 1, 1, 3, 2, 0),
(-1, 1, 0, 1, 1, 0, 0, 0, 0),
(-2, -1, -1, -3, 2, 1, 1, -1, 4),
(0, 0, 0, -1, -1, 0, -1, 1, 2),
(1, -1, -1, 1, 2, 1, 1, 0, 0),
(2, 1, 1, 1, -2, -1, 0, 0, 1),
(-2, -1, -1, 0, -1, 1, 1, 0, 3),
(-1, 0, 0, 1, 1, -1, -1, 0, 2),
(-1, -1, 0, 0, -1, 1, 0, 0, 2),
(1, -1, 0, 1, 1, 1, 0, 0, 0),
(2, 1, 1, 0, -2, -1, 0, -1, 2),
(2, 1, 0, 1, -2, -1, -1, 0, 2),
(-1, 0, 1, 0, 1, -1, 0, -1, 2),
(-1, 0, -1, 0, 1, -1, -1, 0, 3),
(-1, -1, 0, -2, 1, 1, 0, -1, 3),
(0, -1, 0, -1, -1, 0, 0, 1, 2),
(-1, -1, 0, -2, 1, 2, 3, 2, 0)

##S-box
(4, -3, -2, -1, -2, 0, 2, 1, 1),
(3, 2, 1, 0, 0, -2, -1, -1, -1),
(0, -1, -1, 1, -2, 1, 1, 3, 2),
(0, -1, 1, 0, 1, 1, 0, 0, 0),
(4, -2, -1, -1, -3, 2, 1, 1, -1),
(2, 0, 0, 0, -1, -1, 0, -1, 1),
(0, 1, -1, -1, 1, 2, 1, 1, 0),
(1, 2, 1, 1, 1, -2, -1, 0, 0),
(3, -2, -1, -1, 0, -1, 1, 1, 0),
(2, -1, 0, 0, 1, 1, -1, -1, 0),
(2, -1, -1, 0, 0, -1, 1, 0, 0),
(0, 1, -1, 0, 1, 1, 1, 0, 0),
(2, 2, 1, 1, 0, -2, -1, 0, -1),
(2, 2, 1, 0, 1, -2, -1, -1, 0),
(2, -1, 0, 1, 0, 1, -1, 0, -1),
(3, -1, 0, -1, 0, 1, -1, -1, 0),
(3, -1, -1, 0, -2, 1, 1, 0, -1),
(2, 0, -1, 0, -1, -1, 0, 0, 1),
(0, -1, -1, 0, -2, 1, 2, 3, 2)
